Trajectory X:
 [[ 0.00000000e+00 -7.38194881e-02  1.35623274e-02 -5.20639057e-02
  -8.29591029e-02 -1.99585838e-01 -2.26016118e-01 -4.31277070e-01
  -6.32970154e-01 -6.89781104e-01 -7.03778259e-01 -7.77490425e-01
  -1.02056362e+00 -1.27804784e+00 -1.66004682e+00 -2.12097720e+00
  -2.49426440e+00 -2.97112530e+00 -3.34176519e+00 -3.66794849e+00
  -4.00790219e+00 -4.45265364e+00 -5.05312360e+00 -5.60409716e+00
  -6.18448678e+00 -6.80722432e+00 -7.31565940e+00 -7.79492755e+00
  -8.30779287e+00 -8.84279174e+00 -9.45344349e+00 -1.01002219e+01
  -1.08433332e+01 -1.16984288e+01 -1.26361597e+01 -1.34968518e+01
  -1.44025435e+01 -1.53222843e+01 -1.62885636e+01 -1.72863028e+01
  -1.82822325e+01 -1.92806585e+01 -2.02797746e+01 -2.12791830e+01
  -2.22772581e+01 -2.32165603e+01 -2.42053300e+01 -2.51304665e+01
  -2.60731159e+01 -2.69523852e+01 -2.77681493e+01 -2.85476774e+01]]
Trajectory Y:
 [[ 0.         -0.03731899 -0.02480424  0.0645802   0.2106902   0.26959555
   0.31927422  0.27534997  0.37576957  0.42621114  0.47193359  0.53262132
   0.61255296  0.56848928  0.56495615  0.55943718  0.58658837  0.65448741
   0.68316     0.66653763  0.65993565  0.65512962  0.65640253  0.68102939
   0.67017286  0.65767015  0.62206018  0.69794227  0.73896566  0.76147286
   0.86935759  0.92553049  0.95526301  0.97216771  0.98519709  1.06726163
   1.1075401   1.18165716  1.23347515  1.25221199  1.27789875  1.33026531
   1.30695443  1.29426311  1.28172361  1.27331868  1.2886459   1.30451417
   1.32492656  1.34572225  1.38890591  1.40254197]]
Trajectory Z:
 [[ 0.          0.99657312  1.9926694   2.98650219  3.97528799  4.96671542
   5.9651309   6.94285203  7.91713936  8.91424927  9.91310538 10.9085367
  11.87524574 12.84052304 13.76467903 14.65209817 15.5794166  16.45576893
  17.3841029  18.32926328 19.26968228 20.16532342 20.96496972 21.79912897
  22.61339553 23.39572643 24.25609013 25.13047217 25.9879605  26.83251342
  27.61702941 28.37763598 29.04614288 29.56433763 29.91145568 30.41392415
  30.83594326 31.22140875 31.47363696 31.5381773  31.62457288 31.60448914
  31.56950858 31.60147156 31.66220781 32.00519596 32.15385458 32.53315753
  32.86631731 33.34218808 33.9189586  34.5451774 ]]